[gd_scene load_steps=10 format=3 uid="uid://cq4x2tug383bp"]

[ext_resource type="PackedScene" uid="uid://bu1uotajunmwv" path="res://humanoid.blend" id="1_jb6h2"]
[ext_resource type="Script" path="res://Skeleton3D.gd" id="2_7xrvv"]

[sub_resource type="CapsuleShape3D" id="CapsuleShape3D_4jpph"]
radius = 0.0536373
height = 0.536373

[sub_resource type="CapsuleShape3D" id="CapsuleShape3D_g8feq"]
radius = 0.025532
height = 0.25532

[sub_resource type="CapsuleShape3D" id="CapsuleShape3D_cv5x0"]
radius = 0.041729
height = 0.41729

[sub_resource type="CapsuleShape3D" id="CapsuleShape3D_xfx4m"]
radius = 0.0478612
height = 0.478612

[sub_resource type="CapsuleShape3D" id="CapsuleShape3D_vu8xo"]
radius = 0.025532
height = 0.25532

[sub_resource type="CapsuleShape3D" id="CapsuleShape3D_4ulrs"]
radius = 0.041729
height = 0.41729

[sub_resource type="CapsuleShape3D" id="CapsuleShape3D_rkcf0"]
radius = 0.0478612
height = 0.478612

[node name="humanoid" instance=ExtResource("1_jb6h2")]

[node name="Skeleton3D" parent="Armature" index="0"]
bones/4/rotation = Quaternion(-0.00453765, 0.0121858, -0.99927, 0.0359143)
bones/4/scale = Vector3(1.00002, 1, 1)
bones/6/rotation = Quaternion(0.578839, 0.000761034, -0.00989543, 0.815381)
bones/9/rotation = Quaternion(-0.00453789, -0.0121858, 0.99927, 0.0359143)
bones/9/scale = Vector3(1.00002, 1, 1)
bones/11/rotation = Quaternion(0.578839, -0.000761052, 0.00989545, 0.815381)
bones/13/rotation = Quaternion(0.020511, -0.706809, 0.706809, -0.020511)
script = ExtResource("2_7xrvv")

[node name="Physical Bone body" type="PhysicalBone3D" parent="Armature/Skeleton3D" index="1"]
transform = Transform3D(1, 2.38419e-07, -5.77316e-15, -1.13533e-08, 0.0476191, -0.998866, -2.38149e-07, 0.998866, 0.0476191, -9.30595e-10, 1.23053, -0.0127708)
joint_offset = Transform3D(1, 0, 0, 0, 1, 0, 0, 0, 1, 9.30595e-10, 5.45244e-09, 0.268186)
body_offset = Transform3D(1, 0, -3.55271e-15, 2.57572e-14, 7.45058e-09, -1, -1.09424e-12, 1, 7.45058e-09, -9.30594e-10, 0.268186, -7.45058e-09)
bone_name = "body"

[node name="CollisionShape3D" type="CollisionShape3D" parent="Armature/Skeleton3D/Physical Bone body" index="0"]
transform = Transform3D(1, 0, 0, 0, 0, 1, 0, -1, 0, 0, 0, 0)
shape = SubResource("CapsuleShape3D_4jpph")

[node name="Physical Bone upperarml" type="PhysicalBone3D" parent="Armature/Skeleton3D" index="2"]
transform = Transform3D(-0.895078, 0.00275162, -0.445913, -0.445907, -0.0052091, 0.895057, 0.000148088, 0.999983, 0.00588631, 0.243105, 1.32217, -0.0251849)
joint_type = 1
joint_offset = Transform3D(1, 0, 0, 0, 1, 0, 0, 0, 1, 1.3737e-05, 4.07793e-07, 0.127666)
body_offset = Transform3D(1, 1.94123e-08, -2.18602e-07, -1.55647e-05, -1.35042e-08, -1, 7.93143e-06, 1, -3.22424e-06, -1.37091e-05, 0.127666, 3.72529e-09)
bone_name = "upperarm.l"
joint_constraints/bias = 0.3
joint_constraints/damping = 1.0
joint_constraints/impulse_clamp = 0.0

[node name="CollisionShape3D" type="CollisionShape3D" parent="Armature/Skeleton3D/Physical Bone upperarml" index="0"]
transform = Transform3D(1, 0, 0, 0, 0, 1, 0, -1, 0, 0, 0, 0)
shape = SubResource("CapsuleShape3D_g8feq")

[node name="Physical Bone upperlegl" type="PhysicalBone3D" parent="Armature/Skeleton3D" index="3"]
transform = Transform3D(-0.997364, 0.00994417, -0.0716603, -0.0714103, 0.0236025, 0.997107, 0.011608, 0.999672, -0.0228298, 0.111778, 0.76698, -0.0173852)
joint_type = 1
joint_offset = Transform3D(1, 0, 0, 0, 1, 0, 0, 0, 1, -9.056e-05, -3.38493e-06, 0.208686)
body_offset = Transform3D(0.999965, 3.63216e-08, -9.88046e-07, -3.64549e-06, -7.07805e-08, -0.999939, 7.33882e-07, 1, -7.91624e-07, 9.0763e-05, 0.208673, 3.5502e-06)
bone_name = "upperleg.l"
joint_constraints/bias = 0.3
joint_constraints/damping = 1.0
joint_constraints/impulse_clamp = 0.0

[node name="CollisionShape3D" type="CollisionShape3D" parent="Armature/Skeleton3D/Physical Bone upperlegl" index="0"]
transform = Transform3D(1, 0, 0, 0, 0, 1, 0, -1, 0, 0, 0, 0)
shape = SubResource("CapsuleShape3D_cv5x0")

[node name="Physical Bone lowerlegl" type="PhysicalBone3D" parent="Armature/Skeleton3D" index="4"]
transform = Transform3D(-0.998201, 0.0155981, -0.0572352, -0.0582797, -0.0684882, 0.993037, 0.0116071, 0.997518, 0.0690809, 0.14054, 0.320646, -0.0292048)
joint_type = 1
joint_offset = Transform3D(1, 0, 0, 0, 1, 0, 0, 0, 1, -1.49212e-05, -3.86816e-07, 0.239986)
body_offset = Transform3D(0.999948, -1.78814e-07, 4.75184e-05, -1.3134e-05, -3.62098e-06, -0.997081, -1.29454e-07, 0.999988, 1.73599e-06, 3.51667e-06, 0.239285, -2.98023e-08)
bone_name = "lowerleg.l"
joint_constraints/bias = 0.3
joint_constraints/damping = 1.0
joint_constraints/impulse_clamp = 0.0

[node name="CollisionShape3D" type="CollisionShape3D" parent="Armature/Skeleton3D/Physical Bone lowerlegl" index="0"]
transform = Transform3D(1, 0, 0, 0, 0, 1, 0, -1, 0, 0, 0, 0)
shape = SubResource("CapsuleShape3D_xfx4m")

[node name="Physical Bone upperarmr" type="PhysicalBone3D" parent="Armature/Skeleton3D" index="5"]
transform = Transform3D(-0.895114, -0.00275109, 0.445913, 0.445834, -0.00520845, 0.895057, -0.000143698, 0.99827, 0.00588954, -0.243089, 1.32217, -0.0251848)
joint_type = 1
joint_offset = Transform3D(1, 0, 0, 0, 1, 0, 0, 0, 1, 4.31596e-08, -2.54058e-09, 0.12766)
body_offset = Transform3D(1, 5.18485e-08, 1.28819e-07, 9.68098e-05, 9.25036e-06, -1, -3.07159e-06, 0.998288, -9.31323e-09, -5.96046e-08, 0.12766, 3.72529e-09)
bone_name = "upperarm.r"
joint_constraints/bias = 0.3
joint_constraints/damping = 1.0
joint_constraints/impulse_clamp = 0.0

[node name="CollisionShape3D" type="CollisionShape3D" parent="Armature/Skeleton3D/Physical Bone upperarmr" index="0"]
transform = Transform3D(1, 0, 0, 0, 0, 1, 0, -1, 0, 0, 0, 0)
shape = SubResource("CapsuleShape3D_vu8xo")

[node name="Physical Bone upperlegr" type="PhysicalBone3D" parent="Armature/Skeleton3D" index="6"]
transform = Transform3D(-0.997388, -0.00994421, 0.0716683, 0.071415, 0.0236015, 0.997135, -0.0116075, 0.999645, -0.0228305, -0.111861, 0.767003, -0.0173888)
joint_type = 1
joint_offset = Transform3D(1, 0, 0, 0, 1, 0, 0, 0, 1, 7.35951e-06, -1.04273e-06, 0.208663)
body_offset = Transform3D(0.999988, 2.47732e-07, -4.91907e-06, 6.76169e-07, 3.39001e-07, -0.999968, 9.96515e-08, 0.999973, -9.03383e-07, -6.33299e-06, 0.208657, 1.23121e-06)
bone_name = "upperleg.r"
joint_constraints/bias = 0.3
joint_constraints/damping = 1.0
joint_constraints/impulse_clamp = 0.0

[node name="CollisionShape3D" type="CollisionShape3D" parent="Armature/Skeleton3D/Physical Bone upperlegr" index="0"]
transform = Transform3D(1, 0, 0, 0, 0, 1, 0, -1, 0, 0, 0, 0)
shape = SubResource("CapsuleShape3D_4ulrs")

[node name="Physical Bone lowerlegr" type="PhysicalBone3D" parent="Armature/Skeleton3D" index="7"]
transform = Transform3D(-0.998251, -0.0155977, 0.0573738, 0.058307, -0.0684947, 0.996306, -0.0116065, 0.997517, 0.0693043, -0.140548, 0.320441, -0.0292191)
joint_type = 1
joint_offset = Transform3D(1, 0, 0, 0, 1, 0, 0, 0, 1, 6.65688e-06, 5.24228e-07, 0.239404)
body_offset = Transform3D(1, -6.32368e-07, 2.13273e-06, -1.11108e-05, 2.74926e-06, -1.00036, -2.51457e-07, 0.999988, -1.50502e-06, -7.16746e-06, 0.23949, -1.63913e-07)
bone_name = "lowerleg.r"
joint_constraints/bias = 0.3
joint_constraints/damping = 1.0
joint_constraints/impulse_clamp = 0.0

[node name="CollisionShape3D" type="CollisionShape3D" parent="Armature/Skeleton3D/Physical Bone lowerlegr" index="0"]
transform = Transform3D(1, 0, 0, 0, 0, 1, 0, -1, 0, 0, 0, 0)
shape = SubResource("CapsuleShape3D_rkcf0")

[node name="Humanoid-Kingpin" parent="Armature/Skeleton3D" index="8"]
visible = false
