[gd_scene load_steps=9 format=3 uid="uid://cari18uq33h48"]

[ext_resource type="PackedScene" uid="uid://cq4x2tug383bp" path="res://ragdoll.tscn" id="1_6sixf"]
[ext_resource type="PackedScene" uid="uid://p1q5xjuhgq1r" path="res://humanoid.tscn" id="1_ghpse"]

[sub_resource type="ProceduralSkyMaterial" id="ProceduralSkyMaterial_an4xg"]
sky_horizon_color = Color(0.64625, 0.65575, 0.67075, 1)
ground_horizon_color = Color(0.64625, 0.65575, 0.67075, 1)

[sub_resource type="Sky" id="Sky_6cxb4"]
sky_material = SubResource("ProceduralSkyMaterial_an4xg")

[sub_resource type="Environment" id="Environment_8jyl1"]
background_mode = 2
sky = SubResource("Sky_6cxb4")
tonemap_mode = 2

[sub_resource type="PlaneMesh" id="PlaneMesh_lm6a7"]
size = Vector2(20, 20)

[sub_resource type="ConcavePolygonShape3D" id="ConcavePolygonShape3D_cfn4l"]
data = PackedVector3Array(10, 0, 10, -10, 0, 10, 10, 0, -10, -10, 0, 10, -10, 0, -10, 10, 0, -10)

[sub_resource type="SphereShape3D" id="SphereShape3D_ymm6c"]

[node name="World" type="Node"]

[node name="WorldEnvironment" type="WorldEnvironment" parent="."]
environment = SubResource("Environment_8jyl1")

[node name="DirectionalLight3D" type="DirectionalLight3D" parent="."]
transform = Transform3D(-0.866025, -0.433013, 0.25, 0, 0.5, 0.866025, -0.5, 0.75, -0.433013, 0, 0, 0)
shadow_enabled = true

[node name="Ground" type="MeshInstance3D" parent="."]
mesh = SubResource("PlaneMesh_lm6a7")

[node name="StaticBody3D" type="StaticBody3D" parent="Ground"]

[node name="CollisionShape3D" type="CollisionShape3D" parent="Ground/StaticBody3D"]
shape = SubResource("ConcavePolygonShape3D_cfn4l")

[node name="humanoid" parent="." instance=ExtResource("1_ghpse")]

[node name="hinged-ragdoll" parent="." instance=ExtResource("1_6sixf")]
transform = Transform3D(1, 0, 0, 0, -0.995035, 0.0995281, 0, -0.0995281, -0.995035, 1.96071, 3.08158, -1.9418)

[node name="Humanoid" parent="hinged-ragdoll/Armature/Skeleton3D" index="0"]
transform = Transform3D(1, 0, 0, 0, 1, -2.23517e-08, 0, 2.23517e-08, 1, 0, 0, 0)

[node name="Physical Bone body" parent="hinged-ragdoll/Armature/Skeleton3D" index="1"]
transform = Transform3D(1, 2.38419e-07, 4.02656e-12, -1.13546e-08, 0.0476192, -0.998833, -2.3816e-07, 0.998833, 0.0476192, 3.69549e-06, 1.23062, -0.0126421)
joint_offset = Transform3D(1, 0, 0, 0, 1, 0, 0, 0, 1, -3.69549e-06, -0.000133229, 0.268283)
body_offset = Transform3D(1, 7.63123e-12, 3.65219e-12, -7.70051e-13, 1.58697e-06, -0.999968, -1.23066e-11, 0.999968, 1.58697e-06, 3.69549e-06, 0.268274, 0.000132799)

[node name="CollisionShape3D" parent="hinged-ragdoll/Armature/Skeleton3D/Physical Bone body" index="0"]
transform = Transform3D(1, 8.88178e-16, 0, 1.42109e-14, -3.72529e-09, 1, 8.88178e-16, -1, -3.72529e-09, 0, 0, 0)

[node name="Physical Bone upperarml" parent="hinged-ragdoll/Armature/Skeleton3D" index="2"]
transform = Transform3D(-0.895071, 0.0027518, -0.445908, -0.445922, -0.00520997, 0.895051, 0.000140421, 0.999993, 0.0058915, 0.243063, 1.3222, -0.0251732)
joint_offset = Transform3D(1, 0, 0, 0, 1, 0, 0, 0, 1, -1.15146e-05, -1.14632e-05, 0.127625)
body_offset = Transform3D(1, 2.42144e-07, -2.24961e-06, 4.21889e-07, 7.97212e-07, -0.999992, 3.57628e-07, 1.00001, 2.01911e-06, 1.18017e-05, 0.127624, 1.12057e-05)

[node name="Physical Bone upperlegl" parent="hinged-ragdoll/Armature/Skeleton3D" index="3"]
transform = Transform3D(-0.997483, 0.00994461, -0.0716625, -0.071422, 0.0235997, 0.997209, 0.0116085, 0.999704, -0.0228327, 0.111473, 0.766813, -0.0171309)
joint_offset = Transform3D(1, 0, 0, 0, 1, 0, 0, 0, 1, -0.000408425, -0.000250538, 0.208815)
body_offset = Transform3D(1.00008, 1.67638e-07, -6.04743e-06, -5.29282e-07, 3.50177e-06, -1.00004, -2.23517e-07, 1.00003, -1.2964e-06, 0.000409722, 0.208824, 0.000250816)

[node name="Physical Bone lowerlegl" parent="hinged-ragdoll/Armature/Skeleton3D" index="4"]
transform = Transform3D(-0.998269, 0.0155986, -0.0573523, -0.0583, -0.0684954, 0.996188, 0.0116077, 0.997529, 0.06926, 0.140555, 0.320559, -0.0291708)
joint_offset = Transform3D(1, 0, 0, 0, 1, 0, 0, 0, 1, 1.09156e-05, -3.11286e-05, 0.239313)
body_offset = Transform3D(1.00002, -1.01514e-07, -1.72194e-05, 3.11347e-06, 2.77162e-06, -1.00024, 7.35279e-07, 1, -3.72976e-05, -6.79493e-06, 0.23937, 4.00543e-05)

[node name="Physical Bone upperarmr" parent="hinged-ragdoll/Armature/Skeleton3D" index="5"]
transform = Transform3D(-0.895079, -0.00274701, 0.445917, 0.445928, -0.00521064, 0.895055, -0.000137784, 0.999811, 0.00589067, -0.243065, 1.32233, -0.0251851)
joint_offset = Transform3D(1, 0, 0, 0, 1, 0, 0, 0, 1, -4.95006e-05, 1.04799e-06, 0.127505)
body_offset = Transform3D(1.00001, -4.79072e-06, -4.4452e-06, -2.75997e-06, 3.12924e-07, -1, 2.2538e-06, 0.999828, 1.13249e-06, 5.00679e-05, 0.127505, -1.19209e-06)

[node name="Physical Bone upperlegr" parent="hinged-ragdoll/Armature/Skeleton3D" index="6"]
transform = Transform3D(-0.997412, -0.00994919, 0.0716824, 0.0714182, 0.0236069, 0.997234, -0.011608, 0.999803, -0.0228265, -0.11187, 0.767114, -0.0171814)
joint_offset = Transform3D(1, 0, 0, 0, 1, 0, 0, 0, 1, -5.60304e-06, -0.000212552, 0.208537)
body_offset = Transform3D(1.00001, 3.75696e-06, -1.19994e-05, -7.82602e-07, -1.07288e-06, -1.00007, -8.75443e-08, 1.00013, 5.28991e-06, 8.10623e-06, 0.208551, 0.000211477)

[node name="Physical Bone lowerlegr" parent="hinged-ragdoll/Armature/Skeleton3D" index="7"]
transform = Transform3D(-0.998117, -0.0155968, 0.0573738, 0.0583188, -0.0685212, 0.996634, -0.0115811, 0.997649, 0.0693363, -0.1405, 0.320525, -0.0292387)
joint_offset = Transform3D(1, 0, 0, 0, 1, 0, 0, 0, 1, 4.49609e-05, 2.43434e-05, 0.23924)
body_offset = Transform3D(0.999866, -4.59934e-06, 2.08739e-05, -3.23126e-05, 2.00272e-05, -1.00069, 2.21785e-05, 1.00012, 7.85291e-06, -4.99487e-05, 0.239405, -2.6226e-05)

[node name="ragdoll2" parent="." instance=ExtResource("1_6sixf")]
transform = Transform3D(1, 0, 0, 0, -0.996063, 0.0886509, 0, -0.0886509, -0.996063, -1.96595, 5.44992, -1.94423)

[node name="Humanoid" parent="ragdoll2/Armature/Skeleton3D" index="0"]
transform = Transform3D(1, 0, 0, 0, 1, -1.49012e-08, 0, 1.49012e-08, 1, 0, 0, 0)

[node name="Physical Bone body" parent="ragdoll2/Armature/Skeleton3D" index="1"]
transform = Transform3D(1, 2.38419e-07, -6.66133e-15, -1.13533e-08, 0.0476192, -0.998866, -2.3815e-07, 0.998866, 0.0476192, 1.19209e-06, 1.23062, -0.0126963)
joint_offset = Transform3D(1, 0, 0, 0, 1, 0, 0, 0, 1, -1.19209e-06, -7.86961e-05, 0.268275)
body_offset = Transform3D(1, 0, -1.86517e-14, 6.21725e-14, 6.70552e-08, -1, -1.49214e-12, 1, 6.70552e-08, 1.19209e-06, 0.268275, 7.86781e-05)

[node name="CollisionShape3D" parent="ragdoll2/Armature/Skeleton3D/Physical Bone body" index="0"]
transform = Transform3D(1, 8.88178e-16, 0, 1.42109e-14, -3.72529e-09, 1, 8.88178e-16, -1, -3.72529e-09, 0, 0, 0)

[node name="Physical Bone upperarml" parent="ragdoll2/Armature/Skeleton3D" index="2"]
transform = Transform3D(-0.895069, 0.00275162, -0.445887, -0.445917, -0.00520915, 0.895015, 0.000140488, 0.999983, 0.00589243, 0.243059, 1.32218, -0.025177)
joint_offset = Transform3D(1, 0, 0, 0, 1, 0, 0, 0, 1, -2.20402e-05, -8.03737e-06, 0.127643)
body_offset = Transform3D(0.999997, 3.72529e-08, -4.77582e-06, -2.6843e-06, 2.98023e-08, -0.99995, 4.09782e-07, 1, 3.1963e-06, 2.26498e-05, 0.127637, 7.62939e-06)

[node name="Physical Bone upperlegl" parent="ragdoll2/Armature/Skeleton3D" index="3"]
transform = Transform3D(-0.997461, 0.0099442, -0.0716633, -0.0714202, 0.0236024, 0.997174, 0.0116081, 0.999672, -0.0228287, 0.111743, 0.76718, -0.0174172)
joint_offset = Transform3D(1, 0, 0, 0, 1, 0, 0, 0, 1, -0.000110532, 2.36873e-05, 0.208469)
body_offset = Transform3D(1.00006, 7.45058e-09, -2.70508e-06, -6.98172e-07, -2.23517e-08, -1.00001, -3.07802e-07, 1, 1.885e-06, 0.000111103, 0.20847, -2.40803e-05)

[node name="Physical Bone lowerlegl" parent="ragdoll2/Armature/Skeleton3D" index="4"]
transform = Transform3D(-0.998252, 0.0155983, -0.0573588, -0.058296, -0.0684952, 0.995966, 0.0116072, 0.997521, 0.0692815, 0.14062, 0.320607, -0.0291677)
joint_offset = Transform3D(1, 0, 0, 0, 1, 0, 0, 0, 1, 7.33254e-05, -4.08372e-05, 0.239321)
body_offset = Transform3D(1, 1.12224e-07, 2.44158e-06, 8.07922e-08, 3.11434e-06, -1.00002, 2.59373e-07, 0.999992, -7.15256e-07, -7.39098e-05, 0.239326, 4.1008e-05)

[node name="Physical Bone upperarmr" parent="ragdoll2/Armature/Skeleton3D" index="5"]
transform = Transform3D(-0.895072, -0.00274355, 0.445913, 0.445918, -0.00520898, 0.895057, -0.000138357, 0.999804, 0.00588971, -0.243083, 1.32216, -0.0251575)
joint_offset = Transform3D(1, 0, 0, 0, 1, 0, 0, 0, 1, 9.25802e-06, -2.74449e-05, 0.127664)
body_offset = Transform3D(1, -7.14883e-06, 1.9744e-07, 3.08966e-06, -2.67476e-06, -1, 1.71736e-06, 0.999821, 1.71363e-07, -9.28342e-06, 0.127664, 2.74181e-05)

[node name="Physical Bone upperlegr" parent="ragdoll2/Armature/Skeleton3D" index="6"]
transform = Transform3D(-0.997411, -0.00994452, 0.0716838, 0.0714179, 0.0236013, 0.997207, -0.011608, 0.99972, -0.0228311, -0.111851, 0.766987, -0.0174272)
joint_offset = Transform3D(1, 0, 0, 0, 1, 0, 0, 0, 1, 1.98813e-05, 3.76606e-05, 0.208663)
body_offset = Transform3D(1.00001, -3.34345e-07, -1.52984e-05, -5.40487e-07, 2.23517e-06, -1.00004, -1.15484e-07, 1.00005, 3.72529e-08, -1.66893e-05, 0.208671, -3.76701e-05)

[node name="Physical Bone lowerlegr" parent="ragdoll2/Armature/Skeleton3D" index="7"]
transform = Transform3D(-0.998116, -0.0155979, 0.0573754, 0.0583184, -0.0684968, 0.996315, -0.0115798, 0.997526, 0.0693049, -0.140527, 0.320467, -0.0292003)
joint_offset = Transform3D(1, 0, 0, 0, 1, 0, 0, 0, 1, 2.59707e-05, -1.60734e-05, 0.239373)
body_offset = Transform3D(0.999866, -6.27711e-07, 1.08138e-06, -3.20285e-05, 4.23193e-06, -1.00037, 2.34824e-05, 0.999997, -1.57952e-06, -2.6226e-05, 0.239462, 1.64509e-05)

[node name="HingePoint" type="Node3D" parent="."]
transform = Transform3D(1, 0, 0, 0, 1, 0, 0, 0, 1, 2.00705, 2.62155, -2.06594)

[node name="StaticBody3D" type="StaticBody3D" parent="HingePoint"]

[node name="CollisionShape3D" type="CollisionShape3D" parent="HingePoint/StaticBody3D"]
transform = Transform3D(1, 0, 0, 0, 1, 0, 0, 0, 1, 0.0686214, 0.311167, 0)
shape = SubResource("SphereShape3D_ymm6c")

[node name="HingeJoint3D" type="HingeJoint3D" parent="HingePoint"]
transform = Transform3D(-0.998183, -0.0578731, -0.00401495, -0.0579431, 0.991648, 0.118357, -0.00289152, 0.118429, -0.992963, -0.186763, 0.683939, 0.0665798)
node_a = NodePath("../../hinged-ragdoll/Armature/Skeleton3D/Physical Bone lowerlegl")
node_b = NodePath("../StaticBody3D")

[editable path="hinged-ragdoll"]
[editable path="ragdoll2"]
